 0.00000000e+00  0.00000000e+00  0.00000000e+00  1.79999998e+00 
 2.00000000e-11  0.00000000e+00  2.00000000e-11  1.79999998e+00 
 4.00000000e-11  0.00000000e+00  4.00000000e-11  1.79999998e+00 
 8.00000000e-11  0.00000000e+00  8.00000000e-11  1.79999998e+00 
 1.60000000e-10  0.00000000e+00  1.60000000e-10  1.79999998e+00 
 3.20000000e-10  0.00000000e+00  3.20000000e-10  1.79999998e+00 
 6.40000000e-10  0.00000000e+00  6.40000000e-10  1.79999998e+00 
 1.28000000e-09  0.00000000e+00  1.28000000e-09  1.79999998e+00 
 2.56000000e-09  0.00000000e+00  2.56000000e-09  1.79999998e+00 
 5.00000000e-09  0.00000000e+00  5.00000000e-09  1.79999998e+00 
 5.10000000e-09  1.80000000e-01  5.10000000e-09  1.79999997e+00 
 5.30000000e-09  5.40000000e-01  5.30000000e-09  1.79999996e+00 
 5.59047376e-09  1.06285277e+00  5.59047376e-09  1.44478068e+00 
 6.00000000e-09  1.80000000e+00  6.00000000e-09  1.04739810e-01 
 6.04379913e-09  1.80000000e+00  6.04379913e-09  3.78261247e-02 
 6.13139739e-09  1.80000000e+00  6.13139739e-09 -1.03604581e-02 
 6.30659391e-09  1.80000000e+00  6.30659391e-09  5.89761396e-03 
 6.59373545e-09  1.80000000e+00  6.59373545e-09 -4.17436536e-03 
 7.00054951e-09  1.80000000e+00  7.00054951e-09  3.29344979e-03 
 7.81417763e-09  1.80000000e+00  7.81417763e-09 -2.91330172e-03 
 9.44143388e-09  1.80000000e+00  9.44143388e-09  2.75113795e-03 
 1.26959464e-08  1.80000000e+00  1.26959464e-08 -2.66347180e-03 
 1.66959464e-08  1.80000000e+00  1.66959464e-08  2.60567019e-03 
 2.06959464e-08  1.80000000e+00  2.06959464e-08 -2.53704733e-03 
 2.46959464e-08  1.80000000e+00  2.46959464e-08  2.48171458e-03 
 2.60000000e-08  1.80000000e+00  2.60000000e-08 -2.29805668e-03 
 2.61000000e-08  1.62000000e+00  2.61000000e-08 -5.17951734e-04 
 2.63000000e-08  1.26000000e+00  2.63000000e-08  4.08382326e-04 
 2.67000000e-08  5.40000000e-01  2.67000000e-08  5.84321791e-01 
 2.70000000e-08  0.00000000e+00  2.70000000e-08  1.59553007e+00 
 2.70408367e-08  0.00000000e+00  2.70408367e-08  1.68611697e+00 
 2.71225101e-08  0.00000000e+00  2.71225101e-08  1.78729801e+00 
 2.72858570e-08  0.00000000e+00  2.72858570e-08  1.80316639e+00 
 2.76125506e-08  0.00000000e+00  2.76125506e-08  1.79828311e+00 
 2.79173957e-08  0.00000000e+00  2.79173957e-08  1.80088442e+00 
 2.85270858e-08  0.00000000e+00  2.85270858e-08  1.79935865e+00 
 2.97464659e-08  0.00000000e+00  2.97464659e-08  1.80054616e+00 
 3.21852263e-08  0.00000000e+00  3.21852263e-08  1.79950060e+00 
 3.61852263e-08  0.00000000e+00  3.61852263e-08  1.80048382e+00 
 4.01852263e-08  0.00000000e+00  4.01852263e-08  1.79954380e+00 
 4.41852263e-08  0.00000000e+00  4.41852263e-08  1.80043743e+00 
 4.81852263e-08  0.00000000e+00  4.81852263e-08  1.79958599e+00 
 5.21852263e-08  0.00000000e+00  5.21852263e-08  1.80039671e+00 
 5.50000000e-08  0.00000000e+00  5.50000000e-08  1.79963163e+00 
 5.51000000e-08  1.80000000e-01  5.51000000e-08  1.79983585e+00 
 5.53000000e-08  5.40000000e-01  5.53000000e-08  1.80001958e+00 
 5.55905346e-08  1.06296224e+00  5.55905346e-08  1.44446962e+00 
 5.60000000e-08  1.80000000e+00  5.60000000e-08  1.04689720e-01 
 5.60438002e-08  1.80000000e+00  5.60438002e-08  3.78072449e-02 
 5.61314005e-08  1.80000000e+00  5.61314005e-08 -1.03559212e-02 
 5.63066011e-08  1.80000000e+00  5.63066011e-08  5.89510340e-03 
 5.65938132e-08  1.80000000e+00  5.65938132e-08 -4.17294474e-03 
 5.70007156e-08  1.80000000e+00  5.70007156e-08  3.29249869e-03 
 5.78145202e-08  1.80000000e+00  5.78145202e-08 -2.91253855e-03 
 5.94421295e-08  1.80000000e+00  5.94421295e-08  2.75045120e-03 
 6.26973481e-08  1.80000000e+00  6.26973481e-08 -2.66282581e-03 
 6.66973481e-08  1.80000000e+00  6.66973481e-08  2.60503671e-03 
 7.06973481e-08  1.80000000e+00  7.06973481e-08 -2.53643198e-03 
 7.46973481e-08  1.80000000e+00  7.46973481e-08  2.48111128e-03 
 7.60000000e-08  1.80000000e+00  7.60000000e-08 -2.29731456e-03 
 7.61000000e-08  1.62000000e+00  7.61000000e-08 -5.17784504e-04 
 7.63000000e-08  1.26000000e+00  7.63000000e-08  4.08250395e-04 
 7.67000000e-08  5.40000000e-01  7.67000000e-08  5.84322210e-01 
 7.70000000e-08  1.37667655e-14  7.70000000e-08  1.59553019e+00 
 7.70408368e-08  0.00000000e+00  7.70408368e-08  1.68611713e+00 
 7.71225104e-08  0.00000000e+00  7.71225104e-08  1.78729814e+00 
 7.72858575e-08  0.00000000e+00  7.72858575e-08  1.80316637e+00 
 7.76125518e-08  0.00000000e+00  7.76125518e-08  1.79828312e+00 
 7.79173973e-08  0.00000000e+00  7.79173973e-08  1.80088441e+00 
 7.85270883e-08  0.00000000e+00  7.85270883e-08  1.79935865e+00 
 7.97464702e-08  0.00000000e+00  7.97464702e-08  1.80054616e+00 
 8.21852342e-08  0.00000000e+00  8.21852342e-08  1.79950060e+00 
 8.61852342e-08  0.00000000e+00  8.61852342e-08  1.80048382e+00 
 9.01852342e-08  0.00000000e+00  9.01852342e-08  1.79954380e+00 
 9.41852342e-08  0.00000000e+00  9.41852342e-08  1.80043743e+00 
 9.81852342e-08  0.00000000e+00  9.81852342e-08  1.79958599e+00 
 1.02185234e-07  0.00000000e+00  1.02185234e-07  1.80039671e+00 
 1.05000000e-07  0.00000000e+00  1.05000000e-07  1.79963164e+00 
 1.05100000e-07  1.80000000e-01  1.05100000e-07  1.79983585e+00 
 1.05300000e-07  5.40000000e-01  1.05300000e-07  1.80001958e+00 
 1.05590535e-07  1.06296224e+00  1.05590535e-07  1.44446962e+00 
 1.06000000e-07  1.80000000e+00  1.06000000e-07  1.04689720e-01 
 1.06043800e-07  1.80000000e+00  1.06043800e-07  3.78072450e-02 
 1.06131400e-07  1.80000000e+00  1.06131400e-07 -1.03559212e-02 
 1.06306601e-07  1.80000000e+00  1.06306601e-07  5.89510341e-03 
 1.06593813e-07  1.80000000e+00  1.06593813e-07 -4.17294474e-03 
 1.07000716e-07  1.80000000e+00  1.07000716e-07  3.29249869e-03 
 1.07814520e-07  1.80000000e+00  1.07814520e-07 -2.91253855e-03 
 1.09442130e-07  1.80000000e+00  1.09442130e-07  2.75045120e-03 
 1.12697348e-07  1.80000000e+00  1.12697348e-07 -2.66282581e-03 
 1.16697348e-07  1.80000000e+00  1.16697348e-07  2.60503671e-03 
 1.20697348e-07  1.80000000e+00  1.20697348e-07 -2.53643198e-03 
 1.24697348e-07  1.80000000e+00  1.24697348e-07  2.48111128e-03 
 1.26000000e-07  1.80000000e+00  1.26000000e-07 -2.29731456e-03 
 1.26100000e-07  1.62000000e+00  1.26100000e-07 -5.17784505e-04 
 1.26300000e-07  1.26000000e+00  1.26300000e-07  4.08250396e-04 
 1.26700000e-07  5.40000000e-01  1.26700000e-07  5.84322210e-01 
 1.27000000e-07  0.00000000e+00  1.27000000e-07  1.59553019e+00 
 1.27040837e-07  0.00000000e+00  1.27040837e-07  1.68611713e+00 
 1.27122510e-07  0.00000000e+00  1.27122510e-07  1.78729814e+00 
 1.27285858e-07  0.00000000e+00  1.27285858e-07  1.80316637e+00 
 1.27612552e-07  0.00000000e+00  1.27612552e-07  1.79828312e+00 
 1.27917397e-07  0.00000000e+00  1.27917397e-07  1.80088441e+00 
 1.28527088e-07  0.00000000e+00  1.28527088e-07  1.79935865e+00 
 1.29746470e-07  0.00000000e+00  1.29746470e-07  1.80054616e+00 
 1.32185234e-07  0.00000000e+00  1.32185234e-07  1.79950060e+00 
 1.36185234e-07  0.00000000e+00  1.36185234e-07  1.80048382e+00 
 1.40185234e-07  0.00000000e+00  1.40185234e-07  1.79954380e+00 
 1.44185234e-07  0.00000000e+00  1.44185234e-07  1.80043743e+00 
 1.48185234e-07  0.00000000e+00  1.48185234e-07  1.79958599e+00 
 1.52185234e-07  0.00000000e+00  1.52185234e-07  1.80039671e+00 
 1.55000000e-07  0.00000000e+00  1.55000000e-07  1.79963164e+00 
 1.55100000e-07  1.80000000e-01  1.55100000e-07  1.79983585e+00 
 1.55300000e-07  5.40000000e-01  1.55300000e-07  1.80001958e+00 
 1.55590535e-07  1.06296224e+00  1.55590535e-07  1.44446962e+00 
 1.56000000e-07  1.80000000e+00  1.56000000e-07  1.04689720e-01 
 1.56043800e-07  1.80000000e+00  1.56043800e-07  3.78072450e-02 
 1.56131400e-07  1.80000000e+00  1.56131400e-07 -1.03559212e-02 
 1.56306601e-07  1.80000000e+00  1.56306601e-07  5.89510341e-03 
 1.56593813e-07  1.80000000e+00  1.56593813e-07 -4.17294474e-03 
 1.57000716e-07  1.80000000e+00  1.57000716e-07  3.29249869e-03 
 1.57814520e-07  1.80000000e+00  1.57814520e-07 -2.91253855e-03 
 1.59442130e-07  1.80000000e+00  1.59442130e-07  2.75045120e-03 
 1.62697348e-07  1.80000000e+00  1.62697348e-07 -2.66282581e-03 
 1.66697348e-07  1.80000000e+00  1.66697348e-07  2.60503671e-03 
 1.70697348e-07  1.80000000e+00  1.70697348e-07 -2.53643198e-03 
 1.74697348e-07  1.80000000e+00  1.74697348e-07  2.48111128e-03 
 1.76000000e-07  1.80000000e+00  1.76000000e-07 -2.29731456e-03 
 1.76100000e-07  1.62000000e+00  1.76100000e-07 -5.17784505e-04 
 1.76300000e-07  1.26000000e+00  1.76300000e-07  4.08250396e-04 
 1.76700000e-07  5.40000000e-01  1.76700000e-07  5.84322210e-01 
 1.77000000e-07  2.55351296e-14  1.77000000e-07  1.59553019e+00 
 1.77040837e-07  0.00000000e+00  1.77040837e-07  1.68611713e+00 
 1.77122510e-07  0.00000000e+00  1.77122510e-07  1.78729814e+00 
 1.77285858e-07  0.00000000e+00  1.77285858e-07  1.80316637e+00 
 1.77612552e-07  0.00000000e+00  1.77612552e-07  1.79828312e+00 
 1.77917397e-07  0.00000000e+00  1.77917397e-07  1.80088441e+00 
 1.78527088e-07  0.00000000e+00  1.78527088e-07  1.79935865e+00 
 1.79746470e-07  0.00000000e+00  1.79746470e-07  1.80054616e+00 
 1.82185234e-07  0.00000000e+00  1.82185234e-07  1.79950060e+00 
 1.86185234e-07  0.00000000e+00  1.86185234e-07  1.80048382e+00 
 1.90185234e-07  0.00000000e+00  1.90185234e-07  1.79954380e+00 
 1.94185234e-07  0.00000000e+00  1.94185234e-07  1.80043743e+00 
 1.98185234e-07  0.00000000e+00  1.98185234e-07  1.79958599e+00 
 2.00000000e-07  0.00000000e+00  2.00000000e-07  1.80037357e+00 
